coverage_exit_status=0

  ...laboration.ts |      92 |       90 |     100 |   91.66 | 40,91             
 ...time/live-read |   99.15 |    87.03 |     100 |   99.13 |                   
  ...ead-client.ts |     100 |      100 |     100 |     100 |                   
  ...ttp-client.ts |     100 |      100 |     100 |     100 |                   
  ...ead-client.ts |     100 |    81.81 |     100 |     100 | ...04-109,139-140 
  ...cy-wrapper.ts |   91.66 |       50 |     100 |   91.66 | 50                
  ...-redaction.ts |     100 |      100 |     100 |     100 |                   
  ...nt-fixture.ts |     100 |       95 |     100 |     100 | 65                
 src/runtime/loop  |     100 |     90.9 |     100 |     100 |                   
  ...agent-loop.ts |     100 |     90.9 |     100 |     100 | 94                
 ...runtime/memory |     100 |      100 |     100 |     100 |                   
  session-store.ts |     100 |      100 |     100 |     100 |                   
 .../observability |     100 |       75 |     100 |     100 |                   
  ...-event-bus.ts |     100 |       75 |     100 |     100 | 36-45             
 ...ntime/operator |     100 |      100 |     100 |     100 |                   
  ...eview-gate.ts |     100 |      100 |     100 |     100 |                   
  ...iew-packet.ts |     100 |      100 |     100 |     100 |                   
 src/runtime/patch |   71.05 |    67.85 |   66.66 |   73.52 |                   
  ...pplication.ts |   71.05 |    67.85 |   66.66 |   73.52 | ...86,108,124-125 
 ...untime/planner |   82.35 |    72.72 |     100 |   82.35 |                   
  goal-planner.ts  |   82.35 |    72.72 |     100 |   82.35 | 10,15,24          
 ...runtime/policy |   93.75 |    91.66 |     100 |   93.75 |                   
  ...ead-policy.ts |     100 |      100 |     100 |     100 |                   
  ...ime-policy.ts |   92.68 |    90.62 |     100 |   92.68 | ...10,234,265,319 
 ...untime/pr-prep |     100 |    96.66 |     100 |     100 |                   
  ...tion-audit.ts |     100 |      100 |     100 |     100 |                   
  ...reparation.ts |     100 |    96.42 |     100 |     100 | 99                
 ...ntime/recovery |   81.81 |     64.7 |     100 |   81.25 |                   
  change-ledger.ts |   81.81 |    63.63 |     100 |   80.95 | 22,26,30,61       
  rollback-plan.ts |   81.81 |    66.66 |     100 |   81.81 | 20,42             
 ...ntime/registry |     100 |    98.07 |     100 |     100 |                   
  ...ry-factory.ts |     100 |    97.87 |     100 |     100 | 196               
  ...e-registry.ts |     100 |      100 |     100 |     100 |                   
 ...time/renderers |    87.5 |       50 |    87.5 |   92.85 |                   
  ...w-renderer.ts |     100 |       50 |     100 |     100 | 18                
  ...l-renderer.ts |     100 |       50 |     100 |     100 | 22                
  ...s-renderer.ts |     100 |      100 |     100 |     100 |                   
  ...-renderers.ts |      60 |      100 |      60 |   66.66 | 6                 
 ...runtime/repair |     100 |    92.18 |     100 |     100 |                   
  repair-loop.ts   |     100 |    92.18 |     100 |     100 | ...88,202-215,261 
 ...untime/sandbox |    91.3 |    87.03 |   90.32 |   91.86 |                   
  ...iagnostics.ts |     100 |       75 |     100 |     100 | 49-50,68,97-119   
  ...box-runner.ts |   89.09 |    89.77 |   85.71 |   89.79 | ...73-379,450-462 
 ...untime/session |     100 |      100 |     100 |     100 |                   
  ...me-session.ts |     100 |      100 |     100 |     100 |                   
 src/runtime/tools |   86.73 |    78.61 |   90.56 |   87.04 |                   
  ...iness-tool.ts |   78.26 |    69.56 |     100 |   78.26 | 17,26,29,32,43    
  ...eview-tool.ts |   72.72 |     62.5 |     100 |   72.72 | 18,26,29,40-44    
  ...patch-tool.ts |   87.23 |       75 |     100 |   86.95 | 23,33,37,60,64,68 
  ...-execution.ts |     100 |      100 |     100 |     100 |                   
  bash-tool.ts     |      70 |    51.61 |   66.66 |   68.96 | 21-28,57,64,104   
  ...eview-tool.ts |     100 |    61.11 |     100 |     100 | 12-21,32-38       
  ...-file-tool.ts |   83.78 |       75 |     100 |   83.78 | 19,24,27,30,33,59 
  ...ecute-tool.ts |     100 |    96.96 |     100 |     100 | 79                
  git-tool.ts      |     100 |    96.77 |     100 |     100 | 40                
  ...te-pr-tool.ts |   92.15 |     91.3 |     100 |   92.15 | 26,37,65,71       
  ...ture-tools.ts |      92 |    84.61 |     100 |      92 | 21,26             
  ...ad-ci-tool.ts |      85 |    82.35 |     100 |      85 | 14,23,26          
  ...ad-pr-tool.ts |      90 |    88.23 |     100 |      90 | 14,26             
  ...-gate-tool.ts |   91.66 |    77.27 |     100 |   91.66 | 36,39             
  ...posal-tool.ts |     100 |      100 |     100 |     100 |                   
  glob-tool.ts     |   67.56 |     57.5 |      60 |   70.58 | 15-22,42,53,57,90 
  grep-tool.ts     |   77.94 |       50 |      60 |   79.36 | ...03-105,116,191 
  ...files-tool.ts |   75.67 |    61.53 |   71.42 |      75 | 26,51-62,99       
  ...xture-tool.ts |    8.33 |        0 |       0 |    8.33 | 14-35,43          
  ...olicy-tool.ts |    92.3 |     90.9 |     100 |    92.3 | 28                
  ...write-tool.ts |   94.44 |    86.66 |     100 |   94.44 | 44,47             
  mcp-call-tool.ts |     100 |    76.66 |     100 |     100 | 28-52,84-85       
  ...ecall-tool.ts |     100 |      100 |     100 |     100 |                   
  ...store-tool.ts |     100 |      100 |     100 |     100 |                   
  ...acket-tool.ts |     100 |    85.71 |     100 |     100 | 56-70             
  ...ation-tool.ts |     100 |      100 |     100 |     100 |                   
  pr-notes-tool.ts |    92.3 |    83.33 |     100 |    92.3 | 15                
  ...ation-tool.ts |     100 |    92.85 |     100 |     100 | 48-52             
  ...light-tool.ts |     100 |      100 |     100 |     100 |                   
  ...-edit-tool.ts |   76.92 |    66.66 |     100 |   76.92 | 10,15,24          
  ...-file-tool.ts |   78.94 |    61.53 |     100 |   78.94 | 14,19,31,39       
  run-lint-tool.ts |      50 |      100 |       0 |      50 | 9                 
  ...tests-tool.ts |      50 |      100 |       0 |      50 | 9                 
  ...check-tool.ts |      50 |      100 |       0 |      50 | 9                 
  sandbox-tools.ts |   86.36 |       80 |     100 |   88.37 | 42,68,184-186     
  ...files-tool.ts |   87.23 |    78.78 |     100 |   86.95 | 34,55,70,75,80,95 
  ...l-run-tool.ts |    9.09 |      100 |       0 |    9.09 | 14-35,46-52       
  ...t-run-tool.ts |     100 |     92.3 |     100 |     100 | 56,89             
  ...patch-tool.ts |     100 |    88.88 |     100 |     100 | 56-87             
  tool-assembly.ts |   78.26 |     62.5 |    87.5 |   78.94 | 128-129,137,145   
  ...-gate-tool.ts |     100 |      100 |     100 |     100 |                   
  ...-plan-tool.ts |     100 |     87.5 |     100 |     100 | 10                
  ...fetch-tool.ts |      96 |    83.33 |     100 |      96 | 49                
  ...earch-tool.ts |   80.95 |    55.55 |   83.33 |   80.95 | 21,38-40          
  ...-plan-tool.ts |   94.11 |       90 |     100 |   94.11 | 62,65             
  ...talog-tool.ts |      80 |       75 |     100 |      80 | 19,30,35,40,56    
  ...ollup-tool.ts |      80 |    84.61 |     100 |      80 | 18,27,32,46       
  ...eport-tool.ts |      75 |    72.09 |     100 |      75 | ...3,64,75,87,109 
 ...ime/transcript |     100 |      100 |     100 |     100 |                   
  ...transcript.ts |     100 |      100 |     100 |     100 |                   
 ...ime/validation |   94.83 |    92.25 |     100 |    95.3 |                   
  ...-validator.ts |   93.93 |    94.44 |     100 |   93.93 | 22,51             
  ...-validator.ts |     100 |      100 |     100 |     100 |                   
  ...mand-audit.ts |     100 |      100 |     100 |     100 |                   
  ...d-executor.ts |    90.9 |    85.71 |     100 |    93.1 | 45,121            
  ...mmand-gate.ts |     100 |      100 |     100 |     100 |                   
  ...and-runner.ts |   89.28 |       76 |     100 |   88.88 | 59,132,136        
  ...transcript.ts |     100 |      100 |     100 |     100 |                   
  ...t-redactor.ts |     100 |      100 |     100 |     100 |                   
 ...ntime/workflow |   95.51 |    86.55 |   98.24 |   95.23 |                   
  ...w-template.ts |     100 |      100 |     100 |     100 |                   
  ...t-workflow.ts |     100 |    76.92 |     100 |     100 | 61-62,86          
  ...e-manifest.ts |     100 |      100 |     100 |     100 |                   
  ...collection.ts |    90.9 |      100 |    87.5 |   89.47 | 89-93             
  ...ure-guards.ts |     100 |      100 |     100 |     100 |                   
  ...report-hub.ts |     100 |       90 |     100 |     100 | 61                
  ...port-index.ts |     100 |       90 |     100 |     100 | 65                
  ...lease-note.ts |     100 |      100 |     100 |     100 |                   
  ...ort-status.ts |     100 |      100 |     100 |     100 |                   
  ...e-registry.ts |     100 |      100 |     100 |     100 |                   
  ...e-workflow.ts |   90.76 |    84.37 |     100 |   90.62 | 101-109,121-137   
  zflow-handoff.ts |    87.5 |       70 |     100 |    87.5 | 32,36             
  ...rt-catalog.ts |   94.11 |    83.33 |     100 |   93.75 | 92                
  ...port-suite.ts |     100 |    83.33 |     100 |     100 | 37                
  zflow-report.ts  |     100 |    66.66 |     100 |     100 | 48-52             
  ...w-workflow.ts |   88.46 |    65.21 |     100 |      88 | 66-70             
 src/runtime/write |   90.83 |    81.73 |   94.44 |   91.33 |                   
  ...rite-audit.ts |   81.25 |    63.63 |     100 |   81.25 | 37-45             
  ...write-diff.ts |     100 |    83.33 |     100 |     100 | 35                
  ...write-gate.ts |      96 |     87.5 |     100 |   95.83 | 90                
  ...ite-result.ts |   58.33 |       60 |      50 |   63.63 | 25-26,30,42       
  ...ile-writer.ts |      90 |    84.61 |     100 |      90 | 38,56             
  ...val-ticket.ts |     100 |      100 |     100 |     100 |                   
  ...-validator.ts |   96.96 |    96.15 |     100 |   96.87 | 42                
  write-intent.ts  |     100 |       50 |     100 |     100 | 51-55             
 src/sandbox       |   89.77 |    80.77 |   96.06 |   92.04 |                   
  ...mmand-plan.ts |     100 |    96.77 |     100 |     100 | 122               
  ...ner-policy.ts |     100 |    66.66 |     100 |     100 | 78-79             
  ...-discovery.ts |      82 |    62.29 |      75 |   84.44 | ...28,151,176,200 
  ...box-doctor.ts |   96.77 |     93.1 |   94.11 |     100 | 108-109           
  ...st-backend.ts |   74.13 |    62.41 |    93.1 |   77.56 | ...10-412,543-553 
  ...ox-history.ts |   88.46 |    87.17 |     100 |   91.48 | 152,172,182,190   
  ...e-commands.ts |   93.93 |       84 |     100 |     100 | 31,76,156-159     
  ...mage-store.ts |   84.21 |    63.51 |     100 |      90 | ...85,191,197,219 
  ...box-images.ts |   95.45 |    80.95 |     100 |     100 | 72-83,93          
  ...box-limits.ts |     100 |    88.23 |     100 |     100 | 89-91             
  ...box-policy.ts |     100 |      100 |     100 |     100 |                   
  ...-redaction.ts |     100 |      100 |     100 |     100 |                   
  ...x-registry.ts |   97.67 |    94.11 |     100 |   97.43 | 69                
  ...ox-request.ts |   99.13 |    97.45 |     100 |     100 | 54,111,212        
  ...ox-service.ts |   98.27 |    89.83 |   94.44 |   98.21 | 90                
 src/server        |   79.39 |    77.35 |   82.08 |   80.34 |                   
  boot-sweep.ts    |   66.66 |    59.52 |      50 |   71.42 | ...15-127,146,152 
  ...ent-script.ts |     100 |      100 |     100 |     100 |                   
  ...ript-logic.ts |     100 |      100 |     100 |     100 |                   
  chat-ui-html.ts  |     100 |      100 |     100 |     100 |                   
  ...yment-mode.ts |   88.63 |    87.71 |     100 |   90.24 | 46,56,64,72       
  ...s-registry.ts |   96.87 |    95.65 |   85.71 |      96 | 53                
  ...omy-client.ts |   80.76 |    86.66 |   77.77 |   78.26 | 76-82             
  ...t-executor.ts |   86.66 |    64.28 |      50 |    92.3 | 77                
  ...-bootstrap.ts |      50 |    73.07 |      25 |      50 | 34,37,40,45-58    
  ...hat-stream.ts |   78.34 |    73.21 |   80.64 |   78.84 | ...22,383,423-451 
  rate-limiter.ts  |     100 |      100 |     100 |     100 |                   
  ...s-registry.ts |     100 |      100 |     100 |     100 |                   
  ...t-provider.ts |     100 |    85.71 |     100 |     100 | 28,38,52          
  ...nt-request.ts |   84.33 |    86.36 |     100 |   83.95 | ...50,171,174,185 
  ...at-request.ts |      90 |    92.63 |     100 |      90 | ...41,147,150,153 
  ...hat-server.ts |   78.66 |    76.56 |   77.27 |    79.1 | ...1439,1481-1482 
  trusted-proxy.ts |   70.18 |    60.54 |      80 |   73.91 | ...15,335,365-366 
 src/skills        |   88.33 |    75.54 |   94.54 |   89.88 |                   
  ...led-skills.ts |     100 |      100 |     100 |     100 |                   
  ...-discovery.ts |   84.61 |    78.43 |   86.66 |   91.22 | 11,14,72,76,168   
  ...rontmatter.ts |   91.45 |    80.99 |     100 |   91.17 | ...70,222,231-232 
  ...l-renderer.ts |   82.19 |    53.57 |   93.75 |   82.85 | 65,93,150-161     
  skill-runtime.ts |     100 |    84.78 |     100 |     100 | 33-38,72-74,117   
 src/storage       |   96.77 |    88.63 |     100 |   97.27 |                   
  jsonl-store.ts   |     100 |      100 |     100 |     100 |                   
  ...ersistence.ts |     100 |    83.33 |     100 |     100 | 82                
  ...-migration.ts |   91.66 |    84.61 |     100 |   93.61 | 41,60,185         
  storage-paths.ts |     100 |      100 |     100 |     100 |                   
 src/telemetry     |     100 |    93.54 |     100 |     100 |                   
  cost-tracker.ts  |     100 |    93.54 |     100 |     100 | 213,224           
 src/testing       |   95.31 |    93.87 |   90.56 |   97.14 |                   
  ...oof-matrix.ts |     100 |    93.75 |     100 |     100 | 77                
  ...pter-proof.ts |   92.59 |    94.44 |      75 |   96.15 | 65                
  ...ance-proof.ts |    92.3 |     87.5 |   85.71 |   95.45 | 71                
  ...race-proof.ts |    93.1 |    94.44 |   85.71 |      96 | 59                
  ...of-harness.ts |   93.75 |    78.57 |     100 |   92.59 | 67,81             
  ...t-renderer.ts |   98.11 |    97.14 |     100 |   97.95 | 127               
  ...text-proof.ts |      95 |      100 |   66.66 |     100 |                   
  ...dary-proof.ts |   95.83 |      100 |   85.71 |     100 |                   
 src/tui           |   91.94 |    81.67 |   96.96 |   92.25 |                   
  ...l-renderer.ts |   69.23 |       50 |    87.5 |   71.05 | ...62-69,73,78-84 
  ...nt-handler.ts |     100 |    91.66 |     100 |     100 | 70,135            
  tui-renderer.ts  |     100 |    94.36 |     100 |     100 | 25,33,83,146      
  tui.types.ts     |     100 |      100 |     100 |     100 |                   
 src/web           |   93.17 |     82.8 |   96.55 |   94.21 |                   
  status.ts        |     100 |      100 |     100 |     100 |                   
  web-config.ts    |     100 |    88.88 |     100 |     100 | 84-88,119,167     
  ...tch-client.ts |   85.71 |    65.11 |     100 |   86.36 | ...08,150,213-214 
  web-fetch.ts     |   90.24 |    62.79 |     100 |    92.5 | 145-147           
  web-policy.ts    |     100 |      100 |     100 |     100 |                   
  web-redaction.ts |     100 |      100 |     100 |     100 |                   
  web-safety.ts    |   93.18 |    93.18 |     100 |   92.85 | 20,43             
  ...h-provider.ts |   89.09 |    75.86 |      80 |      94 | 45-46,63          
  web-search.ts    |     100 |    81.25 |     100 |     100 | 82,94-105         
 src/workspace     |   93.93 |    85.46 |   96.93 |   93.97 |                   
  ...e-contract.ts |     100 |      100 |     100 |     100 |                   
  ...nce-bridge.ts |   94.44 |    83.54 |     100 |    96.2 | 101,105,201       
  ...nce-router.ts |   95.71 |    89.41 |     100 |   95.71 | 141,166,283       
  code-runners.ts  |   94.87 |    76.74 |   93.75 |   94.87 | 188-189,227,246   
  ...ce-harness.ts |   86.11 |    77.77 |     100 |   84.84 | 245,257-261       
  i18n.ts          |     100 |      100 |     100 |     100 |                   
  ...e-registry.ts |   88.23 |    86.95 |   90.47 |   87.09 | 485-486,494-495   
  ...ser-runner.ts |     100 |      100 |     100 |     100 |                   
  ...ser-runner.ts |     100 |      100 |     100 |     100 |                   
  ...ditor-html.ts |   93.33 |    92.85 |     100 |   93.33 | 242               
  ...ient-logic.ts |     100 |    88.23 |     100 |     100 | 23,38             
  ...ent-script.ts |     100 |      100 |     100 |     100 |                   
  ...ce-manager.ts |     100 |    97.43 |     100 |     100 | 131               
  ...ect-bundle.ts |   96.61 |    89.65 |     100 |   96.55 | 118,243,276-277   
  ...ce-session.ts |   84.94 |    74.66 |     100 |   84.26 | ...70,283,287,306 
  ...ce-web-app.ts |   94.28 |    72.22 |   86.66 |   94.11 | 235,242           
-------------------|---------|----------|---------|---------|-------------------
